1000 3523
1 41 327623
1 291 126225
2 1896
2 3218
2 3482
2 5115
2 6670
2 7099
2 9361
2 9762
2 10720
2 11147
1 13957 956207
2 14656
2 15847
1 16198 168504
1 17268 553714
1 17638 639021
1 18112 672595
2 18482
1 19195 676528
2 19271
1 22029 148467
1 22310 774814
2 22804
2 23750
1 25004 276138
1 25337 620900
1 29189 738002
1 29580 950749
1 30315 313989
2 30999
1 31802 661647
2 32407
2 32985
2 33021
1 33214 340667
2 33559
2 33823
2 36865
2 37679
2 37734
1 37987 964460
2 41584
1 41840 725269
2 44977
1 45537 895511
2 46410
1 46886 410717
2 48298
2 48654
1 48864 847226
1 53189 617928
1 53821 465672
2 55366
2 55821
2 56648
2 57139
1 58288 791335
1 58572 324504
2 60645
1 60779 440993
2 61017
2 61143
2 62931
1 63776 796642
1 64478 639383
1 64678 818873
2 66793
1 66886 461399
1 69867 819424
1 70454 539868
2 73103
1 74593 261949
2 75033
1 76271 69062
1 76940 506944
2 77111
1 77597 136984
1 80200 754581
2 82404
2 83894
2 85933
1 87374 392230
1 87556 813028
1 87561 195899
1 88406 676801
1 88937 756565
2 89874
2 91517
2 91763
2 92097
2 93237
2 94518
1 96332 33670
1 96891 779781
1 97567 746606
2 97570
2 98543
2 98966
1 100869 917620
1 102305 532213
1 103299 313164
1 105220 460428
1 106828 44326
1 110095 71162
1 111210 494769
1 116213 963401
1 117880 602417
2 118360
2 119581
2 121490
2 121607
1 121801 770757
1 121818 307582
2 123771
1 124556 140421
1 124675 705540
2 124981
2 126841
1 127146 145193
2 127723
2 128398
2 130705
1 132276 701339
2 133364
1 134491 849342
2 134762
2 136645
2 138802
1 138904 387987
1 139449 740538
1 140236 130904
1 140428 7656
2 141030
2 141344
1 141916 510846
2 144686
2 145388
1 146898 683521
2 149039
2 149178
2 151116
2 152582
1 155497 473979
1 155881 201484
1 159307 655425
2 159561
2 160808
1 161246 285346
1 163442 734180
1 163601 855457
1 163760 60260
1 165198 60077
1 165882 108029
1 169302 913585
1 169384 700306
1 171227 248619
1 171756 624154
1 172590 431915
1 172846 222754
2 174960
1 177312 780488
2 178111
2 178808
1 178828 599601
2 180601
2 182206
1 183933 590236
2 185225
1 185781 834825
1 188220 450990
1 188476 188768
2 188930
2 189594
2 189718
1 190680 343994
2 191736
1 192370 521129
1 194162 281062
1 194843 748439
2 196409
1 197556 26092
2 198234
1 199660 246116
2 200794
1 200839 641295
2 201925
2 202187
1 202571 357379
1 204988 748892
1 207159 427213
2 208803
2 208972
1 209251 288995
1 209309 690575
2 210925
2 214016
1 214554 963375
1 214660 534940
1 215117 120190
1 215412 130863
2 217957
2 220064
2 220489
1 221219 477727
2 221383
2 224042
2 225752
2 225885
1 226707 567222
1 229361 194982
2 231231
2 234503
1 234930 25882
2 235625
1 236327 411945
1 236635 865893
2 238312
1 238917 635574
2 239219
2 240687
2 240920
2 241271
1 241616 835305
2 243002
1 244198 212770
2 245100
1 245203 960098
2 245846
2 245891
1 246155 687905
2 246404
1 247102 808000
2 247411
1 250537 590376
2 252268
2 252624
1 253366 18629
1 253905 910812
2 254213
2 254367
2 255638
2 256066
2 256288
2 256541
1 257678 211501
2 258345
2 258392
1 258740 219456
2 258869
1 260914 525607
2 261339
2 262352
1 265147 944655
2 266014
2 266277
2 267615
2 267697
1 268334 810296
1 268914 273049
2 269647
1 270674 519572
2 271026
1 272991 88850
2 274710
2 276430
2 277208
2 277225
1 278466 63651
1 278560 524707
2 279226
1 283168 828884
2 283632
2 283912
2 285212
2 287872
2 288906
1 289008 22629
2 289042
2 289588
1 289923 809969
1 290056 593249
2 291433
2 291726
1 291908 604681
2 294383
1 295370 264178
1 295652 385157
1 296899 307312
2 296977
2 297132
2 298614
2 300751
1 301982 645086
2 302368
2 306885
1 307067 844065
2 309184
2 310944
2 312270
2 317067
2 317139
1 317279 577631
1 318275 319783
1 318872 693675
1 323776 128827
1 323871 235554
2 325594
1 326162 365746
1 326357 564417
2 327594
1 327943 116182
1 328742 731574
1 329602 367302
2 329799
1 330172 930163
1 330491 536629
2 332253
2 333833
2 335095
2 335823
2 335841
1 336981 976437
2 337363
1 338532 935765
2 339005
1 339433 829164
2 340510
2 341726
2 344536
2 346090
1 349785 862349
1 350635 890043
2 350790
1 351757 382480
2 352835
1 353912 956592
2 354155
1 354500 532789
2 354805
1 355887 478542
1 356108 58691
2 356311
2 357498
1 358428 823952
2 359466
2 359642
1 361913 50121
2 363295
2 363543
1 364498 611028
1 365281 416436
1 366790 591930
2 367114
2 367180
1 368292 627871
1 369139 811803
2 369835
1 369938 427845
1 371499 747254
2 371836
2 372412
2 373266
2 373720
2 373969
2 374151
1 374881 887221
2 374947
2 375000
1 375963 608162
2 377977
2 378254
1 378255 786814
1 380258 570154
2 381876
1 382200 264845
1 383143 682624
2 383741
2 383815
2 384402
2 385514
2 386244
1 387649 101812
2 388307
1 389858 817567
1 390155 764363
1 392647 740870
2 394578
1 394777 66167
1 394784 845851
1 395197 840595
2 395229
1 395595 372943
2 396826
1 397730 775543
1 397895 670915
1 398221 292647
2 398998
1 401885 480976
1 402875 439165
2 404024
1 404070 148109
2 405379
1 406596 246803
1 408080 720324
2 409293
2 409998
1 415191 886512
2 415765
1 415926 179668
1 416999 354491
2 417060
1 419262 178359
1 419725 240118
2 420287
1 422382 589624
1 422741 395161
2 423336
1 423464 272542
1 424716 656508
1 424919 269799
1 425184 860409
1 425261 262933
1 426362 768508
1 426897 644830
2 428813
1 429594 312716
2 429690
2 429888
1 429911 227110
2 430002
1 430316 363812
1 430597 576701
2 432402
1 432463 636718
2 436200
2 436454
1 438050 738726
1 439549 796370
2 441864
1 442193 432862
1 442420 821389
1 443768 64939
1 444559 581608
1 444748 158071
2 445574
2 446003
2 447028
1 447811 298791
1 449427 79403
1 449820 418475
1 449844 705618
2 449855
2 450803
2 453482
1 453946 67334
2 454341
2 454436
1 454573 746198
1 455620 179340
1 456436 980775
1 457329 680419
2 457880
2 460098
2 460528
1 460893 490578
2 460993
1 462059 11774
2 462867
2 463422
2 463728
1 464297 691269
2 465947
2 466491
2 467378
2 468435
2 470586
1 471681 39215
1 471879 759635
1 473810 663439
2 474708
1 476756 869395
1 477256 826477
2 479137
1 480759 55494
2 481447
2 482655
2 483807
2 484074
2 486234
1 486349 406998
1 486583 411000
2 486662
2 487220
2 488083
2 490987
1 493505 311173
2 494210
1 495431 787442
2 496024
1 496613 403027
1 497461 25654
1 498285 271339
2 501368
1 502077 888208
2 502382
1 502594 501225
1 504564 825344
2 504866
1 505078 499299
2 505507
2 507252
1 508008 268100
1 508689 783455
1 510858 31972
2 510904
2 511844
1 512255 348017
1 512603 111963
1 513603 796522
1 513857 623689
2 516165
2 516258
1 517507 837353
1 519177 800123
2 524612
2 526103
1 526461 852534
1 526593 309640
2 529249
1 529732 34435
1 530065 116990
2 530914
2 530939
2 533754
2 533791
2 534528
2 535740
2 536767
1 537166 921332
1 537572 455733
1 537857 9084
1 538438 410353
1 538875 616187
2 538972
1 539303 133713
1 542876 967120
1 545273 577969
2 546117
1 547041 660196
1 547081 434993
2 547454
2 547559
2 548658
1 548794 516851
1 549876 80479
2 550398
2 552335
1 553001 217393
1 553493 780401
2 553581
1 554620 89488
2 554948
1 556111 652070
1 556701 419228
2 556802
1 557014 764377
1 559162 941802
2 563034
2 564929
2 564989
2 565219
1 566728 241481
1 566956 245370
1 568438 465231
2 569111
1 570562 540788
2 570885
1 573398 339505
1 573507 814171
1 575929 25107
2 576227
2 577832
2 579145
1 579665 785316
2 579800
2 581151
2 582713
1 585173 35363
2 586038
2 587051
2 587118
2 588612
1 588960 646745
2 589425
1 589694 831762
1 591256 337184
2 593542
2 594358
2 596992
2 597493
1 599021 664215
1 600473 413364
2 603432
2 603974
2 604214
2 605561
1 606757 612666
2 609118
2 610282
1 611133 342983
2 611404
2 612426
1 616179 615479
2 619068
2 619232
1 620942 159793
2 621036
2 621295
1 622629 307739
2 622742
1 622768 52156
1 623639 303704
2 623680
1 624441 702351
1 625633 630855
1 626693 487734
1 628398 747651
2 628610
2 629241
1 629461 47386
1 630528 400689
2 632067
1 632417 511662
1 632685 882210
1 633071 721516
2 633443
1 633878 130852
2 634308
2 634485
2 634862
2 638095
1 641983 577746
2 642000
1 642236 841349
2 642397
1 643648 149683
2 643858
2 644382
1 648427 35311
2 649625
2 649725
1 649750 425119
1 651920 945238
1 652257 121307
1 653478 479615
1 654795 351910
1 655162 674458
1 658358 812763
1 658732 331066
1 659424 207910
2 659588
1 659688 57354
1 661351 393084
1 661979 269724
2 662506
1 662608 431429
1 662879 46004
1 663724 413059
2 664761
2 666057
1 666541 397390
2 666795
2 667127
1 667288 438866
2 667878
1 668893 591197
2 669445
1 669705 989214
1 670064 516188
2 670100
2 670175
2 671232
2 671512
2 671790
2 671879
1 672234 681811
1 672721 540558
1 674663 762195
2 674779
2 674908
1 675945 300341
2 677146
2 677155
1 677886 402415
2 678857
2 679798
2 680438
1 680538 983836
1 680852 474177
1 681484 165995
2 682595
2 683997
2 684586
2 684645
1 684660 351220
2 686533
2 688844
2 689897
1 690428 51658
2 692792
1 694310 770830
1 695856 436821
1 699511 13682
1 701020 39516
2 704175
1 705513 572527
2 707077
1 707425 856960
2 707703
1 708213 221716
2 710322
2 710341
2 710761
2 711591
2 713116
1 715342 230537
2 715399
1 715451 831219
1 717274 875922
2 717908
1 718495 266834
2 718996
2 720308
1 721507 643842
1 724035 546357
1 725643 154844
2 727584
1 729406 827633
1 729548 980471
1 730813 975821
1 732537 829274
2 733143
1 735502 10246
1 735900 948214
2 740765
1 741548 564227
2 741839
2 741980
2 742212
2 742928
2 745362
2 746925
1 748303 499505
1 752769 218761
1 753461 202747
1 754003 972078
2 754340
1 754633 855704
2 755534
2 755575
1 756702 582781
2 758052
2 758870
2 761188
2 761835
1 761934 55582
1 762050 857713
2 763900
1 765392 520568
2 765792
1 766489 129919
2 767390
2 769519
1 769692 313180
1 770113 864450
2 772100
1 772179 637193
1 772336 764512
1 772772 240934
1 772816 398739
2 774335
1 776815 10424
1 777247 621912
2 777608
2 779366
1 779412 363203
2 780854
2 781907
1 781954 448711
1 783536 463644
2 784539
1 786459 726303
2 787224
1 788285 619426
2 790045
1 790884 740961
1 791930 802615
2 791982
1 792255 242865
1 792881 154546
1 793226 215121
1 793421 399523
2 795720
2 795841
2 796362
1 797626 793690
2 798819
2 799581
2 799728
1 800122 146417
2 800885
2 801218
1 801740 664645
2 803241
1 803781 702395
1 804358 541141
1 804741 826148
2 805017
1 805114 666453
1 806433 745798
2 809686
1 809938 686741
1 810678 236862
1 810940 773813
2 811312
2 811566
1 811801 755877
1 812812 899037
2 813028
2 813593
1 814305 645942
2 814314
2 815513
2 818112
2 818490
1 819145 170641
1 819841 786024
1 820024 523598
2 820249
2 822358
1 822699 547379
2 823141
1 824139 628967
1 825994 759947
1 828060 942206
2 828991
2 829075
1 829798 837034
1 830490 406485
2 832360
2 832651
1 833226 479026
1 833321 670342
1 834588 370435
1 836833 355431
1 839389 45023
1 840251 268829
1 840849 668910
1 840883 283403
2 843619
1 846416 303720
2 846686
1 847698 894528
1 848222 938269
1 850869 830259
1 851264 301482
1 853387 341621
2 854180
1 854415 273996
1 857471 6454
2 858997
2 859154
2 859648
1 860468 522098
1 862391 757775
2 865232
2 867119
2 867690
2 867823
2 868082
2 868561
1 870990 230509
2 871386
2 872992
2 876114
2 876166
1 876616 803285
1 876899 621214
1 877871 134236
1 880256 626244
2 882559
2 882578
1 882725 705752
2 883869
1 884742 272208
1 885916 768081
2 891669
2 893197
1 893304 939409
1 895969 604307
2 896462
2 898643
2 899218
1 901791 36758
1 901813 645810
2 902324
1 902839 891517
1 904396 601047
2 904758
2 905025
1 907146 602625
2 907283
2 908137
1 909162 686331
2 910734
1 911518 570057
1 911839 547736
1 912758 782463
1 913010 617032
1 913027 906931
2 914137
2 916113
1 916540 988453
1 916692 489423
1 919257 934701
1 922503 64199
1 922630 320036
1 922642 904091
2 925114
1 925314 796485
2 925435
1 926834 67411
2 926902
2 927191
1 927596 307708
1 928108 461429
2 930645
2 933534
1 934653 345455
2 935126
2 935743
1 935902 512069
2 936760
2 937092
2 937134
2 938755
2 939418
2 939516
1 939964 691865
2 941606
2 947896
1 948108 144604
2 948524
2 948706
2 949270
1 950486 991583
1 950982 699239
1 952688 860769
1 954480 446909
1 955770 339834
2 956401
2 957119
2 957692
2 957919
1 961504 242967
1 962930 68142
1 963098 66070
2 964152
1 964504 117317
2 964955
1 967436 224358
1 968939 479671
2 969224
2 970010
1 976377 504820
2 976394
2 977593
2 983308
2 983454
2 984854
1 984985 509695
1 985262 633230
2 986231
2 987341
1 987724 218616
2 987937
2 988214
2 990008
2 991368
2 991443
1 992384 851995
2 993280
2 994188
2 995454
2 997534
1 997696 217811
2 997817
1 999202 95275
