1000 6947
1 515 898314
2 3611
2 3636
2 3930
2 4600
2 4762
2 5937
2 6113
2 7095
1 7491 432978
1 7599 821079
2 8149
1 8396 810030
1 8894 56663
2 10193
1 11212 302846
2 11611
2 11720
2 13093
2 15913
2 17254
1 17824 892862
1 17984 123220
2 19169
1 19750 988528
2 19940
2 20951
2 23293
2 25323
1 26773 275442
2 26884
2 27336
2 28402
2 29210
2 29356
2 29366
1 30606 217409
1 35806 758971
1 36551 401259
1 36803 805049
1 36969 858406
1 37336 740822
1 37342 289166
1 38938 258557
1 38971 850432
2 39119
1 39402 8800
2 39651
1 39839 332246
2 40531
2 40633
2 41947
1 42050 946802
2 42619
1 43764 584763
2 44298
1 45062 242333
2 46063
2 46397
1 46611 841366
2 46642
2 46983
2 47354
2 47580
2 49289
1 50438 892311
2 50476
2 52879
2 53511
1 53609 353169
1 56848 71235
1 57997 734870
1 59002 307349
2 59484
2 60063
2 60423
2 64903
1 65202 599867
1 66642 171839
2 66701
2 66783
2 66991
1 67337 26364
1 69862 989047
1 70028 288805
1 70477 941995
1 71201 873282
2 73993
2 75634
2 76446
2 78436
2 78801
2 78841
1 78854 363367
2 79132
2 79533
1 79840 648900
1 79946 221001
2 82042
2 82686
2 83598
2 83692
1 86353 148667
1 86423 99555
2 88309
2 88751
2 88929
2 89756
1 91843 696101
2 93719
2 97552
1 97672 931064
1 100147 125204
2 104537
1 105105 612620
1 105610 149827
1 106695 522520
2 106971
2 108815
1 108909 53828
1 109371 473916
1 110613 831849
2 111145
2 111957
1 113453 260935
1 114757 182651
2 115867
2 116374
1 116742 343172
2 118104
2 119050
2 120242
1 120670 607098
1 121423 254065
1 122002 186516
1 123657 447137
1 124544 518580
2 125348
2 126218
1 127902 851596
2 128916
1 129811 689060
2 130037
1 134199 144131
2 137560
2 137698
2 138409
2 138594
1 141914 242765
1 142255 447963
2 142729
1 143318 491323
2 143766
1 144504 388840
1 145404 215279
2 145944
1 147330 335484
2 147408
2 147646
2 149278
2 150371
2 150978
2 151285
2 151346
1 151614 797711
2 153241
2 154914
2 156309
2 156320
2 157427
2 157633
1 158073 284253
2 159301
2 159607
1 159654 4708
2 159773
1 160464 836886
2 160581
2 160731
2 163606
1 165586 450754
1 167521 668621
1 167850 600415
2 168041
2 172118
1 174895 68792
1 175867 102202
2 176110
2 177032
2 178312
1 178931 11849
2 179948
2 180987
1 181034 404098
2 181548
2 181680
2 182429
2 182442
1 182641 681449
1 183160 298161
2 183876
1 184196 743398
1 185179 132172
2 185795
2 187062
2 187686
1 188615 769031
2 188742
2 189381
2 190568
1 190626 417156
1 191313 852236
1 191543 978297
1 193952 485776
1 194214 324331
1 194967 384636
1 196972 277265
1 198379 239257
1 198465 829286
1 198655 936627
2 198695
1 200485 390749
2 201248
2 201597
1 204809 784714
1 204985 413431
2 205225
2 205517
2 205677
1 205894 424448
2 211701
2 212822
1 214183 96267
2 214314
1 214846 366792
1 215494 801619
2 215615
2 215763
1 216077 944971
1 216472 872585
1 216475 815131
2 217358
1 217791 618584
1 220225 83548
2 220311
1 221243 518308
1 221543 896920
2 221928
2 223194
2 223231
1 223571 696370
2 224135
1 224147 433121
1 225721 622901
1 226302 819730
2 226781
1 227489 472462
2 227547
2 227985
1 228742 588678
1 230278 278549
1 231598 54396
2 234512
2 236093
2 236131
1 236516 74
1 237759 633061
2 239351
1 239538 379861
2 239726
1 240231 131761
1 240294 811735
2 244990
2 245455
2 246436
2 247882
1 248291 125033
2 249344
1 249602 122341
2 252435
1 253020 543353
2 253474
2 253798
1 254738 566588
2 256125
2 256611
2 257697
2 258082
2 258300
2 261620
2 264948
2 265215
1 265272 543470
2 265339
2 269594
2 270351
1 271985 556276
1 274329 70613
1 274899 594659
2 275959
2 276904
1 276973 916689
2 279239
2 281424
1 282413 451365
2 286357
2 286572
2 287152
2 287622
1 287720 172862
2 288048
1 288253 999020
1 288314 221743
1 288978 235873
1 289059 874799
1 289545 375018
1 290189 13715
1 291200 868057
1 291506 563871
1 292337 348161
2 292782
1 293371 297213
1 294016 469260
1 294594 46634
2 296832
2 297990
2 298473
2 300235
1 302306 292138
2 302508
2 306350
1 307917 803540
1 309025 146248
2 311670
2 312341
1 313725 156936
1 314941 515564
2 316257
1 316572 675420
1 317518 772849
1 320548 624221
2 321443
2 321930
1 322905 153609
1 323434 702374
2 323492
2 323671
1 325812 797321
1 326770 827022
2 328258
1 328405 588918
2 329075
1 329860 350431
1 330654 340470
2 330940
2 333186
2 333553
1 333742 704919
2 333892
1 334206 268146
2 334208
1 334718 56991
2 335970
1 336111 856843
1 338073 776420
1 338555 458472
1 338581 599463
2 339878
1 340970 732211
2 343406
1 345760 142132
1 346334 913349
2 346377
1 347274 402205
1 348270 117140
1 349250 291479
1 349616 835101
1 352568 409596
2 352736
1 352825 609561
2 353769
2 353860
1 355122 772911
1 362735 546180
1 362789 388327
2 363203
1 363326 468413
1 363382 383057
2 363567
2 363582
2 364064
1 364338 648185
2 365195
2 365452
1 365559 223908
1 366636 805108
1 367816 893824
2 367989
1 368218 74192
2 368254
1 368808 933820
2 368830
2 368937
2 370826
1 371004 298453
2 371438
1 371688 743462
1 371707 963094
2 372772
1 372834 308227
1 373708 569313
2 373894
2 374163
1 375698 884269
1 376237 948937
2 377036
2 378137
2 379523
2 381030
2 383534
2 384498
1 385370 436777
1 385496 891011
1 386012 790448
2 386144
2 387211
2 387626
1 387837 520269
1 388779 25437
1 389081 646530
2 389223
1 389226 636095
1 391261 5445
2 391451
2 391717
1 391943 310463
2 392520
2 392780
1 393655 415832
2 395640
2 396039
2 396659
2 396976
2 398262
1 398679 125444
1 399254 255787
1 400307 691012
1 403190 976396
2 403278
1 404194 442440
1 407496 102578
1 407756 139901
1 407793 330362
1 410127 247435
2 410529
1 410986 723736
2 412513
1 412889 574094
1 412933 705738
2 413080
2 415615
1 418981 272936
2 423924
1 425530 125428
1 425854 14159
2 426373
1 426966 604292
2 428295
2 429597
2 429964
1 431012 216364
2 433692
2 437275
1 437472 704388
1 438671 538984
2 440286
2 440622
2 440743
1 445158 762336
2 445180
1 447203 130373
1 450819 791621
2 451100
1 453130 208508
1 454771 420313
2 454820
1 455103 479018
2 455113
1 457581 171272
2 463954
1 465254 8206
2 467282
1 469184 933339
1 470105 959136
1 472004 355538
2 472491
1 473257 181339
2 473530
1 474370 261792
2 474371
2 474410
2 474543
2 475893
1 476777 822585
2 476953
2 481601
1 482337 315068
2 484329
1 485486 809155
2 486459
1 489488 381085
1 490349 562199
1 490719 563601
2 491632
1 491661 996587
1 493406 105004
2 494501
2 496279
1 497760 508175
1 498698 540924
1 500356 693444
1 501277 284225
2 501494
1 503124 408128
2 504182
1 504748 528296
1 505503 147008
2 507534
1 510078 694951
2 512105
2 512116
1 514718 414599
2 514938
1 515236 730515
2 515694
2 516901
1 517588 957315
2 517846
1 519152 894962
1 519517 817097
1 519873 816772
1 523951 424651
1 524050 248251
1 524573 826982
2 526385
2 527548
2 528620
1 528855 217037
2 529475
1 529572 639704
1 530413 594901
2 530824
1 535464 302081
1 536410 320213
2 536665
2 537592
2 537850
2 540775
2 541193
1 543202 881976
1 543249 246453
2 545056
2 545608
1 545894 101120
2 547778
2 550879
1 550975 263853
1 552677 249392
1 553408 118784
1 554342 433637
1 554546 22985
2 558962
2 560007
2 562225
2 562383
1 562698 365990
2 568770
1 569436 554467
1 570743 302952
1 572211 755744
1 572269 717628
1 572658 883774
1 572754 86204
2 572835
1 575573 372415
2 576554
2 577135
1 578285 484140
2 579171
1 579535 819053
1 582255 599613
1 583058 225137
1 585183 764291
2 586554
1 586846 992252
2 587790
2 588090
1 588881 937120
1 589424 908484
1 589959 372692
1 590631 684223
2 591846
2 592048
1 593954 875494
2 594304
1 594851 382752
1 596251 119897
1 600221 283543
1 603392 438331
1 604561 592164
2 608808
1 609842 220131
1 610049 190559
1 611452 177462
2 613085
2 614275
2 614289
1 614295 25135
2 614581
1 615404 645867
2 615804
2 617388
2 621115
2 622192
1 624282 422419
2 624314
1 625044 915356
2 625373
1 626070 833433
2 626245
2 626451
2 626499
1 626815 200319
1 626843 199568
2 627416
1 628025 550526
1 629412 386892
1 629467 121540
2 629857
1 630062 234170
1 630412 229515
2 631993
1 632565 669545
1 634347 357143
2 634539
1 635624 840830
1 636023 677486
2 636041
2 636618
2 639246
1 640060 868050
2 640921
2 641546
1 641593 861237
2 642181
2 642847
1 642925 23523
2 644357
2 644600
1 645122 501140
2 645226
1 646447 819569
1 646781 297558
2 646908
2 647898
1 648698 492063
2 649370
1 649588 614663
1 649611 29073
2 650676
1 655184 32572
1 658144 518989
2 658829
2 659636
2 661603
1 662327 691453
2 665060
2 665184
2 668584
1 671226 825167
1 675529 224896
2 676000
1 680173 272668
2 680569
2 681565
2 682377
1 684211 379985
1 685046 540737
1 685554 619444
2 686308
1 688207 541824
1 688385 855186
1 689453 975651
1 690562 241714
2 690677
1 691113 385769
1 691118 688897
2 691140
2 691308
1 693101 919361
1 694279 604567
2 697313
2 697341
1 697572 539857
2 697864
1 698454 854990
1 698520 85550
1 698643 803091
2 699190
2 699291
2 699984
2 700662
2 700830
1 701904 642741
1 702150 671559
1 703371 63312
1 704661 863442
2 705338
1 707331 634629
1 707684 678973
1 708982 91015
2 709158
2 710618
2 710940
2 711828
1 712542 938053
2 712619
2 714030
2 714178
1 720183 390704
1 721819 642281
2 725582
1 726270 213150
1 726681 122391
2 727071
1 728334 643590
1 728452 963520
1 730905 925075
2 733232
1 733884 796570
2 735039
1 735712 356925
2 735856
1 736489 620513
1 737906 501829
2 738351
1 739826 758804
2 740249
2 741208
2 741990
2 742393
2 743475
1 743770 632538
1 744176 966156
2 744941
2 747247
1 748489 407281
1 749480 6057
1 751355 284329
1 755104 389804
2 755926
2 756204
1 756765 586246
1 756948 147208
2 757048
1 761395 820351
2 762212
1 764226 150572
1 764619 829204
2 764987
1 766246 871607
2 767039
1 769199 528349
1 769819 165257
2 771378
1 771421 971507
1 772644 725257
1 772882 38521
2 773048
1 776076 723976
1 776187 195426
2 778083
2 778740
2 779235
1 780841 724463
2 782868
1 784105 899245
1 789530 346737
1 793085 557370
2 793375
1 795580 726919
1 795899 245239
1 796331 385804
2 798475
1 799684 345412
2 800166
2 800901
2 802059
2 802187
1 802671 423171
2 802846
2 803139
1 803543 704973
1 803864 70652
1 804571 323078
2 805445
1 806024 537898
2 807385
2 807495
1 807832 953749
2 810049
1 815047 312302
1 815418 861195
1 815474 781299
1 815607 163941
1 815777 339865
1 816827 426372
1 817588 708570
1 818546 870484
1 819636 697395
1 820720 563651
1 821187 632932
2 822653
2 822886
2 823701
1 825406 456233
1 825465 819683
2 826226
1 826871 167928
2 828349
2 829371
2 829774
2 830008
1 831189 419464
1 831928 750340
2 833397
2 833596
2 834448
2 834935
1 835513 392811
1 835842 749845
2 836068
1 837124 196606
2 837998
1 840217 914805
2 840898
1 842974 387228
1 843042 672346
1 847036 596699
2 847707
2 847781
2 848062
1 848651 202510
2 848995
1 849033 882661
2 850186
1 853238 129624
2 853483
2 853555
2 859900
1 863451 623363
2 863682
2 864059
1 864403 928453
1 865580 219350
1 865835 321554
1 866177 499868
1 866190 30369
2 867594
2 868110
1 868176 489897
2 868809
2 868976
1 869733 706814
2 869951
2 870110
1 870980 611936
1 871361 895465
2 872613
1 874765 470795
2 875189
1 876797 679277
2 878178
2 878358
1 878800 305561
1 878963 923938
2 883396
2 884681
1 884951 46816
1 885019 707684
1 885094 307011
2 887187
1 890811 751438
2 891241
1 893389 521669
2 894007
1 894182 886894
2 895899
1 896189 841237
2 896590
1 897830 928392
2 899025
1 899440 909210
2 900677
2 901433
2 903551
1 904344 990208
2 907036
2 907043
2 908331
1 909654 557422
1 910182 322990
1 910731 6090
2 913209
1 914211 658573
2 914958
1 916919 843430
2 917929
2 918988
2 921037
1 921208 310697
1 921650 862587
2 921905
1 922257 667251
1 922500 545307
1 923863 220870
2 924568
1 926243 913674
2 926728
2 928146
1 928546 300206
1 928555 627403
1 929410 859445
1 930820 697990
1 931242 569517
2 932787
1 933179 891373
2 933490
1 933665 774034
2 933719
1 934171 836090
1 936584 606947
2 936625
2 936880
2 938733
1 941744 920707
1 941820 43128
2 944577
2 946441
2 947241
1 947353 18698
1 947797 826316
1 950938 710642
2 951047
2 951442
2 954748
2 956440
1 956517 475476
1 958340 524794
2 959046
2 959588
1 959703 21843
1 961126 250089
2 961420
2 961447
1 961716 832696
1 962215 957152
2 962990
1 963121 215672
1 964173 978141
2 965695
1 967420 716296
2 968846
1 970421 93210
2 971117
2 971581
1 973188 95614
2 974198
2 974471
1 974686 476186
1 975064 759682
2 975264
1 978644 649454
1 979041 20797
2 981172
1 981850 740635
1 982219 424043
1 983056 151848
2 984548
2 984736
2 984864
1 985021 12435
2 986702
1 987332 484128
1 988312 804421
2 989375
2 992184
2 995912
2 996156
1 998871 127568
