1000 371
1 61 662764
1 794 671563
1 3057 300278
2 6295
2 7351
2 10026
1 11174 317785
2 12338
2 12656
1 13209 507402
2 17866
2 19138
1 19800 202954
1 20375 182590
2 20920
1 22001 630839
1 22352 530694
2 22710
2 22786
1 23316 676205
1 23950 328454
1 24912 51456
2 25770
2 26125
2 26641
1 26814 660552
2 26882
1 29760 410828
1 30859 261766
2 32164
2 32332
2 35500
1 36489 733985
1 42678 318871
1 42978 764008
1 44508 402482
1 46162 463091
1 46771 151704
2 48608
1 48661 363633
2 52377
2 53295
2 53644
1 54233 815496
2 55698
1 56127 739518
2 56431
1 56721 425685
2 57168
2 59622
2 61333
1 61393 532277
2 66774
1 66842 913621
2 69286
2 69723
1 70009 846527
1 70852 304867
2 71644
2 74514
1 74691 373267
1 75157 79685
1 75821 36313
1 76102 206184
1 77222 899290
2 85259
1 85683 106942
2 86652
2 88742
1 89629 319607
2 90702
1 92221 588326
1 92607 618997
2 93984
2 94781
1 95223 438552
1 95361 423075
1 96261 170130
1 97205 192186
2 97435
1 98112 52025
1 98176 415592
1 98528 256487
2 98728
1 99873 375586
2 103426
2 103666
2 103822
2 103851
1 103984 261972
2 105116
2 105245
2 106431
1 106596 954916
1 107699 725108
1 109506 363862
1 110301 338008
2 111678
2 112868
1 113001 940461
2 113336
1 113681 906796
1 114680 81271
1 114993 528657
1 115464 545733
1 119101 278300
1 121651 29495
1 122321 227486
2 124810
2 124891
2 126331
1 126711 350256
2 126719
1 127282 336072
1 127728 343862
2 128181
2 128302
1 128498 905470
2 129436
2 133623
2 133760
1 134247 992345
1 135103 698975
2 135171
2 136139
2 136554
2 137638
2 137644
1 137751 21596
2 137798
1 138246 640475
2 141116
1 142970 188140
1 143356 446581
1 144373 290016
1 145160 898225
2 145470
1 146729 922700
2 147193
1 147359 630296
1 147960 573393
1 150548 104315
1 153914 74938
2 154142
2 154460
1 155183 451965
2 155285
1 155771 281357
2 155837
2 157565
2 158246
1 158587 101717
2 159854
1 160256 131316
1 164234 81419
2 164398
1 166188 823191
2 169273
1 170130 573593
2 170389
2 171262
2 171411
2 172819
2 173367
2 173631
1 174147 16275
2 174575
2 174832
1 178769 71155
2 179410
1 180049 331280
2 180307
2 180469
2 181018
1 182951 702673
1 184314 206943
1 185560 888074
1 187456 778056
2 187644
1 187780 215978
1 190140 985745
2 190440
2 191847
2 192332
2 192574
1 193182 331107
2 193976
1 194550 687499
1 195979 575224
1 196130 731200
2 197283
1 197663 967004
1 198074 902322
1 199447 627597
1 200542 494923
2 204088
1 205571 905259
1 206404 988231
2 206932
2 209512
2 212727
2 213026
1 213523 724979
2 214035
1 215209 416466
2 217272
2 217447
2 219665
1 221028 320794
2 221778
1 221951 691070
2 222521
2 222627
1 223008 672312
2 223072
1 224160 898600
2 225680
1 226186 924008
2 228746
2 229822
2 230817
1 233004 410867
2 233641
1 234452 582749
2 235433
1 238573 597014
2 239443
2 240424
1 240857 204562
2 241623
1 242530 538426
1 242721 389134
2 242799
1 244085 105882
1 245702 251324
1 245762 886277
2 246340
2 247396
1 248551 171504
1 248654 418722
2 249672
2 250040
1 251023 216096
2 251662
1 253348 120095
1 254107 731979
2 255853
1 256028 340609
2 256573
1 258099 660802
2 259624
1 259666 370750
2 262059
2 266791
1 268611 463910
2 270168
2 270185
1 270774 939573
2 271252
2 271961
2 273931
1 274776 848493
2 275190
2 275429
1 276804 802782
1 279815 869150
1 281499 921258
2 285659
1 286667 936808
2 287027
2 288311
2 289897
2 292178
2 293476
2 293581
1 294178 79037
1 294983 189678
2 296290
2 298927
2 299052
1 299608 763268
1 300016 94576
2 300724
1 304067 687238
1 304313 260600
1 305562 970072
1 306337 741791
2 307218
2 310249
1 314119 232297
2 315029
2 317473
2 318089
2 318602
1 318978 647833
1 319521 636778
1 319963 404876
2 320148
2 320441
1 321518 331799
2 326186
1 327670 132207
2 328641
1 329835 207033
1 330572 403432
2 333965
1 334374 462100
2 335705
1 338976 351681
2 339141
2 339445
1 339469 903955
2 343246
1 344935 89844
1 345669 494293
1 347538 311044
1 347574 180013
2 348488
1 350171 697213
1 356614 735840
2 356980
2 358469
2 359239
2 359838
2 363040
1 363213 112102
1 363363 118049
1 363821 213896
2 364387
2 366010
1 366802 300533
1 367039 477711
1 367179 335761
2 368570
2 368896
2 372004
1 374288 532108
1 374508 875446
2 376516
1 377159 39315
1 377480 524634
1 377579 474178
1 377619 321562
2 378705
1 378887 962281
1 380799 518796
1 381428 478047
1 383026 76279
2 383461
2 386114
1 386732 81344
1 386866 6965
2 386996
2 387253
2 387758
2 387761
2 388219
2 389062
2 389386
2 390434
1 390630 387126
1 393151 46888
2 393428
2 393704
2 395451
1 395925 808765
2 395989
2 395995
2 396989
2 397748
2 398134
1 399211 564206
2 400276
2 400902
2 401033
2 401913
1 405358 943715
1 405760 140410
2 406245
2 407044
2 407086
1 408758 986542
2 409724
2 410625
2 411589
1 412541 982274
2 412711
1 412915 222199
1 413343 242144
2 414322
2 414992
2 415832
2 416559
1 417334 654080
2 417825
2 420004
2 420329
2 421055
1 421546 396738
2 421680
1 421691 241122
1 421915 423516
1 426478 252086
2 427249
2 428689
1 428925 275237
1 429134 947197
2 429522
1 429626 655011
1 429671 450748
2 430038
1 431508 388476
1 433497 262505
1 433929 808223
2 433985
1 434221 281535
1 434497 885595
2 435123
2 435975
2 437634
1 438768 644709
2 441987
1 442745 193237
2 444916
2 445017
2 445500
2 445627
1 446382 357686
2 446876
1 447786 315487
2 449347
2 449370
2 449608
1 449834 4878
1 451269 250166
2 452473
2 452905
1 453181 198966
2 454212
2 454330
1 456005 396775
1 456881 398164
2 457356
2 457388
1 457758 469234
2 458282
1 459522 786792
2 459741
2 461009
1 461241 804327
2 462143
1 462192 320576
1 462905 745007
2 463131
1 465695 976688
2 465782
1 466109 897147
2 468206
2 468350
2 468916
2 470106
1 470120 948272
1 472889 682534
2 473153
2 473267
2 473555
2 473685
1 474703 138300
2 474813
2 474920
1 475479 914227
1 476932 800702
2 480169
1 481248 757248
2 481968
2 482669
2 483881
2 485259
2 486018
2 490718
1 490817 584587
1 491268 476953
1 491430 783756
2 491564
1 492510 476414
1 493408 377670
2 493459
1 494025 324216
1 494520 475014
1 495037 566470
1 495438 176568
1 496459 403332
2 498023
1 503843 602198
1 503907 911920
2 504831
1 506271 444170
1 509720 35185
2 512130
1 513322 333802
1 514343 97631
2 514557
2 514977
2 519099
1 519954 469310
1 521102 26050
1 521493 260478
2 522196
2 522427
2 522944
1 522963 705147
1 524204 841724
2 524894
2 524926
2 525241
1 527518 208542
2 530758
2 531769
2 532075
1 532779 284051
2 533552
1 533792 243634
2 534011
1 534046 648186
2 534308
1 534585 723536
2 535159
2 535302
1 536763 387724
2 537246
1 537450 104981
2 539578
1 539890 547030
1 540648 662374
1 541758 122110
1 541994 153781
2 542664
1 543236 136920
1 547276 354343
2 547371
1 548344 670314
2 549798
1 550217 166492
1 552239 598479
1 556350 790351
1 558437 989179
1 559444 547563
2 559780
2 560871
1 561657 7462
1 562700 476576
2 564929
2 565591
2 566095
1 566103 630025
2 567729
2 568829
2 568902
1 569386 439666
2 569944
2 570801
2 571763
1 572188 727273
2 572553
1 573946 141841
1 574213 168203
2 574481
1 574519 910816
2 576299
1 577187 54276
2 579928
1 581082 24743
1 581216 40903
1 584058 3792
2 586274
2 587039
1 588927 734488
2 589345
2 591699
1 593165 157647
2 593728
2 595491
1 596379 486735
2 597695
2 599102
2 599608
1 601728 469993
2 604741
2 605744
1 605846 630469
2 605989
2 606212
2 606573
1 606944 425540
2 608498
1 609083 428212
1 609809 487122
2 610796
1 611142 342621
1 612281 648641
2 612651
1 613722 966532
2 613962
1 614225 883906
1 614231 950185
1 614283 463103
2 614495
2 614693
1 614789 206566
2 615177
1 615276 990365
1 617103 382679
2 617230
1 617766 457434
2 618437
2 619218
2 620851
1 623606 642804
1 625105 236718
1 625494 750171
2 625527
2 625763
2 628012
2 628256
1 628686 199471
2 628861
2 629359
1 630838 750647
2 631049
2 632901
2 635189
1 636218 346710
2 636572
1 636651 506010
2 637161
1 637464 732434
1 638905 624144
2 638962
2 639516
1 639600 886407
1 645940 194810
1 646172 898829
1 647030 920910
1 647569 309716
1 647643 971220
1 649821 717107
2 650261
2 650578
1 650664 240843
1 650920 411700
1 651121 426135
2 652032
2 652649
2 653237
2 654655
1 654953 229925
1 655769 596997
1 656062 894650
1 656063 266052
2 657389
1 657509 194210
2 658540
1 658681 953103
2 660996
1 661245 648912
1 662196 711556
2 664257
1 664955 992663
2 666109
2 667823
2 670540
1 670886 226543
1 672087 180562
2 672569
1 672896 156643
1 673526 485126
1 674355 276801
1 674771 295906
1 675574 615355
1 676786 989945
1 677470 731189
2 678446
2 678658
1 679007 166181
2 679231
2 684656
2 687074
2 688071
1 688472 206176
1 690471 997140
2 691712
2 692444
2 692491
2 692673
2 693623
2 693659
2 694076
1 694261 500612
1 694866 762396
2 694976
2 696413
1 696990 199050
1 697656 675372
2 698280
1 699981 562287
1 700675 91969
1 701291 481118
1 701989 639021
2 705118
1 706112 804901
1 706551 300670
1 709635 877075
2 712467
2 713063
1 713485 386586
1 713682 327961
2 715733
2 716001
1 718576 618175
1 719200 911965
1 722087 135680
2 723692
1 725589 108985
1 726742 51325
2 726902
1 727077 383871
1 727491 235926
2 727713
1 727865 116525
1 727868 931288
1 729448 55778
1 733741 581183
1 733755 978530
1 733799 882509
1 734022 859755
2 734056
2 734241
1 739343 581083
1 741017 337406
1 741321 287369
1 741536 946858
1 741677 186110
2 744852
2 745502
2 745819
1 746065 782067
2 746701
2 747662
2 748545
2 748612
1 750172 939569
2 750265
2 751055
1 751060 457096
1 751451 61483
2 752164
1 752634 271583
1 753128 437730
1 754848 254129
2 757750
2 758575
1 759797 122818
2 761785
2 765951
1 768078 641949
1 768094 495142
1 768315 924879
1 769062 632867
1 769153 642617
2 770801
1 771624 783618
1 772022 864026
2 772752
1 773517 861867
2 774928
1 776834 368805
1 778378 277456
1 780318 62215
2 780903
2 781708
2 782925
2 783303
1 786733 748167
1 790022 225962
2 790899
2 791455
2 795728
1 796398 575455
2 797492
2 798887
1 799936 663344
1 803428 545691
1 803752 834206
1 803795 152768
2 803920
2 806955
2 807723
1 808067 330259
1 809397 433432
1 809914 934175
2 810442
1 810548 571341
1 812425 430316
1 813515 706208
2 813904
2 815010
1 815054 101414
2 816448
2 816908
2 817914
2 818141
2 818220
2 818270
1 818446 621457
1 818537 239747
2 819099
1 819164 469502
2 823048
2 824515
1 824857 361183
1 825385 210785
2 826256
1 828295 572053
2 829725
1 830747 771038
1 830813 576404
2 830845
2 831332
2 832893
2 833970
2 834035
2 834453
1 834463 401687
2 835495
1 835517 942523
2 836372
1 837602 735725
1 838591 496005
1 838706 898814
2 840027
1 840066 217296
2 840412
2 840924
2 841325
2 841714
2 841730
2 843762
1 844148 356235
1 848222 764210
1 848582 835794
1 850222 414752
2 850536
1 850668 711818
1 850948 551240
1 851041 509407
1 852504 597366
1 854070 698595
1 855650 926333
2 856782
2 856969
1 857528 6123
2 860391
2 861175
2 861903
2 862247
2 863237
2 863712
1 864836 400268
2 864842
2 867272
2 867437
1 867626 325422
1 869690 9112
1 870026 877377
1 870272 542793
1 870485 441594
2 871077
1 874244 284288
1 874451 823529
2 874929
2 876164
2 876409
1 878041 362534
2 878165
2 878613
1 879696 845695
1 880065 39950
1 880613 454836
1 883101 704493
1 883701 745658
1 883762 563373
1 884237 219844
1 885195 842937
1 887699 470488
1 888984 588881
1 889649 516623
2 890268
1 891642 637399
1 892936 807047
2 894401
1 895509 178824
2 896167
2 897372
1 897423 827270
2 899794
1 900701 627113
2 901005
1 902014 480492
2 903229
1 904178 306934
2 904370
1 904728 283200
2 905401
1 905489 722072
2 907026
1 907870 577375
1 908004 365610
2 910056
1 910305 948450
1 910332 743910
2 911666
1 911949 480461
1 915036 597842
2 915353
2 915412
1 915790 192217
2 916114
1 917380 295199
2 917729
2 919384
2 919882
1 920699 251083
1 922497 93917
2 923500
1 924063 894305
1 924084 395475
2 924558
2 924602
1 924877 812562
2 926350
2 926707
1 929416 993922
2 930020
2 931353
1 932868 600555
1 934217 619866
2 935176
1 935395 539700
2 935919
1 936067 979052
1 937784 424347
1 941072 611405
1 941547 663057
1 942513 895924
2 942592
1 942996 26643
2 943151
2 945728
1 945811 755441
2 947193
2 948131
1 951620 364635
1 952056 152999
2 953055
2 953219
2 953379
1 954542 846221
1 955051 493588
1 957206 861133
2 957917
1 961245 78510
2 962274
2 963482
1 964884 270178
1 965176 374999
1 966149 563913
1 970058 991475
2 971035
1 973270 950871
2 974613
2 976950
2 977602
1 978647 284024
2 980475
2 980801
1 981497 875441
2 984222
1 984465 752490
1 988987 802948
1 989302 447067
1 989783 603032
2 991982
2 992072
1 996357 179549
2 997107
1 997312 428510
1 997313 834390
2 998941
2 999019
2 999865
