1000 3795
1 1430 170319
1 1524 559214
2 4036
1 4992 286568
2 5258
1 6126 249189
2 6780
2 11362
2 12821
2 14290
2 16735
2 17248
1 18026 404389
1 18152 117029
1 18399 856058
2 22228
1 23336 382131
1 23662 568687
1 24306 227830
2 25943
1 27120 578379
1 31679 177346
1 31940 729310
1 32033 942926
2 32526
2 32954
1 33253 540193
1 34642 70503
2 34759
2 35269
2 39210
2 40840
2 41230
2 41234
1 43512 85886
1 44008 22963
1 44350 998373
1 45788 544437
2 46572
1 49714 113704
1 50145 989615
1 50263 390112
2 50396
2 51002
2 51249
2 52699
1 52841 909762
2 52993
2 53342
1 53439 368708
2 54631
2 55681
2 56150
1 56465 891710
1 57518 576849
2 57971
1 58227 707617
1 58482 891305
1 58736 949653
1 59014 97261
1 59506 315590
1 59875 950503
2 60444
2 61097
1 61722 683823
1 63164 900632
2 66623
2 67124
2 70155
2 70268
2 70684
2 71813
2 72390
2 72580
2 73329
1 75058 227509
1 76404 57845
1 76897 740393
2 77125
1 77584 296178
1 79376 91485
2 80834
1 83209 262419
1 83953 553135
2 84706
2 84735
2 86186
1 86434 681772
1 89246 828365
2 89812
2 89826
1 90621 422252
1 91323 733622
2 92142
1 93791 612180
2 94320
2 94663
2 94745
1 98160 193284
1 98889 473076
1 99375 517762
1 99414 115807
1 101606 270770
2 101628
1 101897 655174
2 101921
2 102328
1 103155 586640
2 105647
1 105670 690385
1 106612 459599
1 106892 736744
2 106952
2 107399
1 107430 107807
1 107644 685896
1 107718 716119
2 108512
2 113537
1 114428 526129
1 115265 563457
2 116051
2 116478
1 117194 348067
2 117300
1 117478 986166
2 119298
2 119449
1 119567 667316
1 119813 955493
1 120625 619940
2 120825
2 123381
2 123704
2 124981
2 125217
2 125722
1 126773 383442
2 127879
1 131451 343588
1 131572 812328
2 132923
2 133013
2 136047
2 136312
1 140169 338520
2 142825
2 143288
1 144278 371543
2 145899
2 147049
2 147902
1 148052 928575
1 149196 906496
1 149593 237160
2 152517
1 153047 310899
2 153299
1 154470 941596
2 155425
1 155551 222404
2 155552
1 156056 180846
1 156189 312665
2 156255
1 156969 607149
1 157145 180046
2 157368
1 159190 199233
2 159517
2 160103
1 160316 99954
2 160378
2 161142
2 162163
2 162168
1 163273 971967
1 163297 236113
2 163896
2 163935
2 166062
2 166508
2 166966
2 167105
2 168912
2 170940
1 171209 807936
1 171867 13182
2 172088
2 172623
1 172638 670589
2 176033
2 176947
1 179566 851095
1 181786 173408
2 183686
2 183916
2 186113
2 186978
1 188286 763565
2 188895
1 189163 868912
1 189347 317787
2 189796
2 190361
1 190534 157406
2 190832
1 191231 989729
2 191752
1 191865 466083
2 193804
2 195811
2 196192
1 196496 83041
1 196886 295607
2 198607
2 199283
1 200238 641463
2 201452
2 202568
2 203165
2 204530
2 205112
2 206204
1 206784 685502
2 207397
2 208480
1 208689 35938
2 208820
2 208847
1 210541 834510
1 211222 425113
1 211611 476512
1 212592 238885
2 214540
2 217681
2 217811
1 219548 87530
2 221365
1 222130 806075
1 222617 933315
1 223900 996686
2 224647
2 224904
1 228172 794702
1 229310 202547
1 229341 538336
2 229619
1 231728 929965
1 231896 235833
2 234087
2 234975
1 236311 680049
2 237196
2 237288
2 238128
2 238283
1 238484 853357
2 240970
2 241623
1 241992 106024
2 242275
2 242575
1 246171 563518
2 247762
2 248102
1 248171 274863
1 249910 22447
2 250751
2 252580
1 252813 193020
2 253190
1 253721 46194
2 254030
1 254162 670786
1 254570 571486
2 259494
2 261140
2 262617
1 262813 121438
1 263197 950479
2 264686
1 266190 50558
2 266551
1 267004 253975
2 268492
2 271706
1 272293 198774
2 272456
2 273442
2 273897
2 275813
2 276390
2 277032
1 277644 73394
1 280037 723229
1 280145 220771
1 280688 367001
2 281722
1 282346 84768
2 283967
2 284741
2 285990
2 287301
2 288710
2 289465
1 292188 650179
1 293651 480141
1 294429 593824
2 295180
2 296673
1 297330 808889
2 297558
1 298555 135302
1 300418 146490
2 300621
2 300827
2 302322
2 302590
2 307708
1 313390 999002
1 313751 273446
2 313881
2 314447
1 315339 995650
1 316938 416485
1 317460 437666
2 317883
2 317955
2 318085
1 318549 397096
1 320118 441482
2 320282
1 322526 513891
1 323473 302790
1 323645 186976
1 323857 548651
1 325999 690533
2 326329
2 327439
1 328541 681943
1 329775 146494
1 332313 59537
2 332411
2 333789
2 333836
2 335195
1 338142 387941
2 338224
1 339501 398016
1 340143 382282
1 340852 923008
2 341401
2 342227
1 343145 762243
2 344920
1 346583 256285
2 347620
1 349912 233722
1 350308 582020
1 350411 339146
2 351369
2 352101
1 353085 999982
1 354317 823607
2 354960
1 357172 452009
2 358046
2 359576
1 360350 486003
1 360789 84354
2 361343
2 361640
2 362226
1 364868 666014
1 367290 556569
1 367560 52330
2 367803
2 368281
2 370262
1 371476 839489
2 372826
1 375100 741666
2 375565
1 376363 727342
1 376506 888580
2 377008
2 378374
1 378851 428353
1 382792 818897
1 386607 168316
2 387015
2 387603
1 389643 34147
1 389822 866372
2 390201
2 390377
1 393029 311963
2 393320
1 395037 462166
2 395110
2 396433
2 397451
1 398011 75890
2 398108
1 399113 368643
2 399136
2 400856
1 401028 604271
2 402071
2 402726
1 403549 212701
1 404266 258572
1 406211 475281
2 407291
1 407467 196911
1 408440 52166
2 409013
1 409395 149053
2 411201
1 411630 343278
1 413051 191052
1 416333 528166
2 416819
1 417161 332949
1 418996 472877
2 419404
2 419456
1 419954 914253
1 420196 951741
1 421401 547113
1 422994 302598
1 423012 508645
2 424892
2 425230
1 426587 903301
1 429553 95920
1 432960 84139
2 433160
2 434932
2 434995
2 435429
2 435983
1 436748 79247
1 436905 813024
2 437256
2 437896
2 438117
2 438783
1 439139 390406
1 442372 186743
2 443009
2 443987
1 444424 325345
1 445279 596282
2 447040
2 447836
1 448502 149585
1 449101 776964
1 449737 701229
2 450391
2 452624
2 453823
2 453900
2 457548
1 457549 172470
1 459307 638132
2 460320
1 463282 625675
2 464378
1 464504 803579
1 466950 394773
2 467439
1 467898 34300
1 468176 928782
1 469264 505018
1 471109 852861
1 472928 72647
2 474351
1 474502 60033
2 475286
1 477045 386476
1 479255 368411
2 479916
1 480401 532515
1 480651 857678
1 480969 793270
2 481587
1 484694 2949
1 484827 524942
1 487511 601826
1 491059 144308
1 491077 117446
2 491577
2 493359
2 494187
1 495180 739705
1 495685 584489
1 496362 739948
2 496823
1 498157 164590
2 499653
1 502008 547116
1 502052 509573
1 502888 730230
1 503951 436997
1 505536 47104
1 506340 19741
2 507816
1 509297 397895
2 511007
2 511257
2 512288
1 512909 515820
1 513022 189735
1 513935 344783
2 514308
2 515802
1 515857 990812
1 516744 802987
2 517356
2 517366
1 519665 14184
1 519825 888244
1 521731 724304
1 523226 918776
2 523779
1 523894 74029
1 528803 113200
2 529358
1 529694 745613
1 530042 786581
1 530303 191002
1 531668 402745
2 531958
1 533678 883439
1 535616 28512
1 539429 980647
2 539436
2 541192
2 541912
1 543975 294432
1 544679 117437
1 545640 337272
2 546730
1 546793 142340
2 547930
2 548983
1 556342 723388
1 559381 342516
2 561140
1 561782 840657
1 562239 711384
2 562863
1 562874 337816
1 564611 793390
1 564982 187044
1 565993 288638
2 566414
1 567578 850625
1 568881 688689
2 569293
1 571702 276694
1 573772 465549
2 574985
1 575137 129733
1 575242 240329
1 575536 539537
2 576616
1 576755 674915
2 578947
1 581124 419791
1 582443 461641
1 584996 855378
1 586145 968906
2 587641
1 589092 959620
1 589359 112757
2 590083
1 590416 400766
2 591533
2 592432
1 594027 695778
1 595499 150576
2 595926
2 596242
1 597169 511665
2 598031
1 598165 636544
2 598547
1 600380 610264
2 600671
1 600712 222650
1 601299 512855
2 601887
2 602384
2 603823
1 607638 354090
2 609670
2 610799
2 611191
2 611654
1 612308 623948
2 613455
1 613987 443785
2 614138
2 614413
1 616332 993874
1 617930 750610
1 618446 624448
2 618766
2 619389
2 621164
1 621310 896190
2 622056
1 622494 458760
1 623352 480079
2 623458
1 623698 926962
2 624961
2 625984
2 626237
2 626872
2 627232
2 627514
1 628018 938542
2 628206
1 630396 736167
1 631726 960662
1 632542 595432
2 634367
2 634791
1 634835 211858
2 635848
1 640659 939939
2 642755
2 644411
1 646454 53314
2 647536
1 648030 505941
1 648083 417001
1 648345 845091
2 650070
1 650686 551889
2 651476
2 653984
1 654423 479948
2 654526
2 654842
1 656714 434164
1 656741 951517
1 656973 139951
1 657038 703379
2 658786
1 659483 913943
1 659919 963476
2 661279
2 662388
1 663504 720490
2 665713
1 666314 971558
2 666842
1 667061 575944
1 667467 232911
1 667701 515552
2 669047
2 669884
2 670246
2 671028
2 672357
2 673547
1 675644 742609
1 677973 248777
1 678940 752543
1 679219 940748
1 680008 54608
2 680620
2 682846
2 683348
1 683485 313507
1 683878 78698
1 684323 401222
1 685152 247921
1 686907 249676
2 688147
2 689522
1 690049 969619
1 690366 788748
2 692211
2 694212
2 694512
2 695142
2 697513
2 697581
1 699330 243823
2 699411
2 701582
2 702501
2 702616
2 702839
1 703242 321665
1 703934 507349
2 704997
1 705945 655366
2 709249
1 709316 328949
2 711206
1 711582 507655
1 711818 105048
2 711849
2 712687
2 712804
2 712983
1 713685 877746
1 714789 68909
1 715458 625314
1 716993 935627
1 717485 868626
1 718078 793209
2 719273
2 723555
1 723727 219785
1 724640 96175
1 724762 656249
1 725207 350114
1 725340 829688
2 727636
1 729299 879957
2 729540
1 731436 247681
1 731937 628059
1 732990 840979
2 734379
2 735410
1 736374 677235
1 736470 152116
2 739141
1 739493 12899
1 740492 861882
1 741484 843576
2 743531
2 744167
2 744797
2 745876
1 746580 646889
1 747664 7094
1 747791 645715
1 748036 710001
2 749605
1 749626 255661
1 751157 128264
2 753670
1 756217 574384
1 756810 948035
1 757182 130095
1 757471 741382
2 758098
1 758832 645210
2 759926
1 761962 1869
1 762129 53247
1 763641 199698
1 765178 537877
2 767553
1 769194 880980
2 771487
1 773111 730231
1 773647 339354
2 773828
1 773876 575978
1 774651 728334
1 775517 504546
1 775537 302703
1 777597 366988
2 777716
1 779546 990295
2 780947
2 781173
1 781383 319905
2 781658
2 784151
2 784431
2 785154
1 785555 672843
1 786271 626671
2 787682
2 788812
2 790077
2 792523
2 793437
1 794347 856666
2 794735
1 798264 993008
1 799382 634108
2 801484
1 801877 463779
1 803692 636938
2 805324
2 806318
1 807425 412474
2 807985
1 807989 219531
1 809695 188363
1 810189 374469
1 813864 676231
2 814359
2 815649
2 817693
1 818264 334156
2 819749
1 820238 188633
2 822407
2 822739
2 823379
1 823423 539744
1 823518 571367
1 824731 321143
2 825473
2 827009
2 828273
1 828295 633727
1 829046 485929
1 829100 23333
2 830472
2 831240
1 833063 696575
2 833632
1 834448 525377
2 835999
2 836219
2 839170
1 839438 504723
1 839732 164335
1 841264 386180
1 841421 943218
1 844277 114913
1 845908 594921
1 846182 182004
2 847333
1 847613 170732
2 848653
1 849002 293786
2 849678
1 849883 934773
2 850354
1 850827 262870
2 855039
2 858293
1 858589 964424
1 859728 554826
2 859965
1 861505 356612
1 862107 445318
2 862460
2 863322
2 866273
2 868680
2 870710
1 871768 349177
1 873388 599319
2 873440
2 873522
2 874481
1 874528 914789
1 878084 294213
1 879127 271894
2 880038
1 880401 737462
1 881208 704980
1 882263 35022
2 882452
1 882801 703052
1 883447 80403
2 884128
1 887038 116611
1 887851 439080
2 888056
1 891477 864598
2 891938
2 892646
2 892803
1 894011 406185
2 894945
1 895882 530550
2 896144
2 897471
2 898002
2 898133
1 898290 586363
1 898736 526736
1 900462 43928
1 900765 888487
1 901499 644836
2 901685
2 902031
1 902811 105072
1 903052 759395
1 903242 25602
2 903442
2 903987
1 904150 396552
1 904999 669376
2 905729
1 906520 813029
2 908129
1 909100 947844
2 909936
1 912182 702292
2 912469
2 912789
2 913197
1 913694 434898
2 914683
2 914864
1 916187 599765
2 916300
2 917468
1 918355 726011
1 920754 645948
1 920879 442687
1 924858 28496
2 925666
2 927751
2 927794
1 929353 947519
1 929379 387757
1 930630 456494
1 933327 709427
1 934235 17227
1 935010 495302
2 935038
1 935428 66251
1 936576 361093
1 936648 385996
1 937728 186390
1 939384 32951
1 940727 863359
1 942353 429023
1 942448 42578
1 943330 883705
1 944189 227720
1 945480 380897
2 947061
1 947444 572243
2 948258
2 948984
1 950892 980555
2 951995
2 953399
1 953497 841779
1 953584 21483
1 954029 363790
2 955387
2 955726
2 956062
1 956431 734513
2 956831
2 957019
1 957997 242983
1 958871 204400
2 960020
1 960741 707427
2 960855
2 962257
2 964708
2 965039
2 965992
2 967065
2 967679
2 967811
2 968149
2 970865
2 971339
2 972002
1 972931 23083
2 973551
2 973692
1 973705 429787
2 975039
1 976065 430688
2 977518
2 978949
1 979189 853187
1 979738 879637
2 980824
1 982052 786054
1 983546 996904
2 984055
2 985196
1 985296 990850
2 985982
2 986694
2 986953
1 987511 907674
1 991044 354649
1 992747 1412
1 994650 691866
1 995660 276718
1 997086 545350
1 998458 680774
