1000 9923
1 291 902065
2 514
1 2036 476732
1 4167 39085
2 7106
1 8804 380157
1 11124 99039
1 11597 515252
1 13833 176060
2 14471
1 14778 474470
2 15314
1 16178 573121
2 17207
1 19151 130150
1 19559 62634
1 20242 9377
1 20503 341432
1 20715 509747
1 21119 52385
2 21933
1 22499 368644
1 23146 969315
1 23725 502578
1 23827 421126
2 23840
1 24254 471115
1 25240 697475
1 26508 343029
1 27247 54030
2 28550
1 30613 159351
1 31346 713108
1 33313 971094
2 33712
1 36790 610740
1 36821 309463
1 37481 969874
1 37877 360354
2 38616
2 38705
2 40768
1 42244 200762
1 42879 153566
1 43507 995037
2 43985
2 44806
1 46053 791892
1 47222 688330
1 49128 181611
1 49144 702626
1 50175 513191
1 51360 640496
2 55864
2 56705
1 57364 914300
2 57540
1 57993 253551
2 59661
1 63315 482104
2 63329
1 64213 854024
2 64800
1 66594 928896
2 66992
2 67733
2 68047
1 68386 422585
2 68727
2 71457
2 73350
1 74611 71048
2 74826
2 75488
1 77175 688892
1 77835 273362
2 78011
2 78806
2 79742
1 80132 135292
2 80247
2 80346
1 81247 268351
2 82264
1 82928 516444
1 84258 659815
1 84877 157058
1 85593 309443
1 85768 469389
1 88925 794374
2 89463
1 90343 677291
1 91958 740104
2 93230
2 93506
2 94028
2 94196
1 94369 632951
2 95137
1 95531 197179
1 98472 282864
2 101721
2 102675
1 105799 129965
1 106998 540423
1 110097 722421
1 110318 650986
2 110534
1 111921 712444
1 112158 214054
1 114231 992086
1 117009 90528
1 117196 325829
1 118008 63465
1 118502 63241
2 119179
2 120082
1 120803 39236
1 121488 30101
2 121688
1 122057 900388
2 122980
1 123646 130514
2 124522
1 125053 759844
1 125065 483668
2 125362
2 126708
1 127297 345740
1 129779 744787
2 131203
1 131307 236602
2 132595
2 134509
2 136189
2 137725
1 137783 773796
2 138702
1 138909 637957
2 139362
2 139627
1 140013 126313
1 143600 161387
1 144572 131714
2 145579
2 146236
2 147410
2 147452
2 148772
1 150689 26750
1 151593 623382
2 151807
1 152003 870792
2 152228
1 152451 103300
1 152761 198279
2 154779
2 157386
2 158378
1 159841 178954
1 162085 868643
2 162923
1 164063 687099
1 166396 335029
1 168947 892348
2 170266
2 171081
2 171837
2 171964
1 173556 347672
1 173707 403214
1 174128 603548
2 176314
2 176914
2 177385
1 180136 266145
2 181738
2 182130
1 183242 697763
2 185170
1 186345 88432
1 186817 622037
1 187058 295171
2 188839
1 190617 947065
1 191479 598843
2 192856
2 193340
1 193586 824325
2 193736
2 193780
1 196398 880391
1 196603 531783
1 196759 74593
1 197600 917301
2 197935
2 198103
1 198479 564267
1 198580 633234
2 199946
2 200355
2 201596
2 201930
2 202890
1 204809 748845
2 205482
2 206602
1 207035 933500
2 207186
1 208021 966431
2 211558
1 211778 63193
1 213271 653712
1 214144 493769
2 214209
2 214378
1 215919 298807
1 216833 326215
2 218311
2 219261
2 220688
2 221472
2 221598
2 221999
1 223057 764345
2 223827
2 225031
1 225243 817252
1 226168 219069
1 226248 240366
1 227173 97891
2 229189
2 230908
1 231154 180400
1 232090 179173
1 232420 312489
2 232978
1 234509 870047
2 234570
1 234809 128021
2 235205
1 235267 2753
2 235729
1 235903 263630
2 238719
1 239022 416218
1 240021 763300
1 240896 352376
1 241162 959234
2 242857
1 242915 102631
2 245432
2 246162
2 247216
2 247373
2 249254
2 252470
2 253131
2 253190
2 253309
2 254305
2 256352
2 257329
1 258267 647995
2 258512
2 258654
2 260077
1 260475 88203
1 261131 50702
2 261870
2 265377
1 265506 418666
1 267447 766619
1 269404 156031
2 270038
2 270140
2 270737
2 271399
2 274508
2 274975
2 275456
2 275510
1 275610 515917
2 277670
1 277673 23158
1 277837 646860
2 278136
1 279164 108140
2 280516
2 281757
2 283366
1 284967 721350
1 285945 277874
2 286188
1 289733 274763
1 289810 618191
1 290828 69371
1 291725 739387
1 293770 656497
2 294232
1 294925 261522
1 296337 595946
1 298630 416375
1 298820 796669
2 298952
1 299030 303195
2 299760
2 299956
1 300183 868671
1 301417 641107
2 303355
1 306007 713823
1 306884 797311
1 306904 956568
2 307714
1 308121 117688
2 308380
2 309097
2 310881
1 312236 702685
1 314434 578714
2 315808
2 317427
2 317954
2 318116
1 318208 688163
2 318252
2 318413
1 319789 503462
2 320270
2 323134
2 323331
2 327720
1 328049 66202
1 328442 297242
1 328613 73549
1 328624 597899
2 329698
1 330058 933688
1 330171 539544
1 331990 647764
2 332722
1 334526 87112
1 334968 514254
2 335131
1 335600 277144
2 338056
2 338057
1 338624 101337
1 340486 596718
1 340954 907412
2 341335
1 342971 303168
1 343256 241474
1 344055 5627
1 345815 130013
1 349217 110299
1 350448 443226
2 351423
1 352498 851052
2 352613
1 353748 59386
1 354126 281969
1 354157 795743
1 355543 379905
2 355840
2 355931
2 357911
2 359739
2 359990
2 361257
1 366071 767809
2 366870
1 367649 436160
2 368330
2 368962
1 371069 352432
2 371765
1 371874 193741
1 372088 818922
1 372127 440669
2 373542
2 374583
2 375871
2 376494
1 376941 51782
1 377491 256515
2 377829
2 377877
2 377940
1 379360 965657
2 381313
2 382107
2 382204
2 382297
2 383625
2 384737
2 385283
2 385981
1 386916 343075
1 388865 823024
2 388876
1 389999 531400
2 391667
2 392616
2 392742
1 394929 840875
1 394964 345123
2 395128
2 395192
1 395718 244774
1 397965 971519
2 401862
1 402082 399235
1 402538 144014
1 403187 144990
2 403633
1 406272 340199
2 406324
2 407221
1 407224 41847
2 407486
1 408306 830392
2 409477
1 411292 654647
1 411932 363310
2 412661
1 413159 32520
2 413295
1 415354 620699
1 417831 859921
2 419454
1 419864 888694
2 422922
1 423596 127827
2 423836
1 423845 303455
2 424003
1 425023 194496
2 425061
2 427165
1 427329 970373
2 427645
1 427844 922192
1 429696 156814
1 430245 108057
2 431322
1 431671 732804
2 432452
1 433278 9189
1 433725 745178
2 433855
2 435516
2 437044
1 437472 281284
1 437812 12354
1 438635 705750
2 438978
2 439199
1 439617 659992
1 441575 95658
1 442352 490432
1 443924 367784
1 444996 766701
1 446224 127944
1 448028 886423
2 448624
1 449539 205607
1 451788 671463
2 454188
1 454979 692931
2 455453
2 455969
1 456603 311352
1 457546 219425
1 457918 98335
2 459793
1 460465 866445
1 460808 862716
2 461786
2 463939
2 464236
2 464562
2 467248
1 468736 555912
2 469315
1 469714 854653
1 469805 967364
1 470549 498179
1 471263 226517
2 472198
2 472767
2 475700
1 476522 47105
2 476735
2 477333
1 477651 35240
1 479015 975008
1 479140 58417
1 481146 905731
2 486347
2 490074
1 490304 654962
2 491042
2 491323
2 491580
2 492577
2 493122
2 495521
1 495911 790813
2 496471
2 496783
1 501075 261565
1 501511 699832
2 501649
2 502488
2 502710
1 503577 129822
2 503925
1 504228 321922
1 506595 266876
2 506648
2 507228
2 511512
1 512375 795291
1 513530 81312
2 514039
1 517339 426795
2 518567
2 521385
2 523091
1 523893 68317
2 525134
2 525203
2 526337
2 528965
1 532077 96814
2 533957
2 534026
1 534379 779507
1 534876 634295
2 536157
1 537006 68382
1 537216 851873
1 537234 860400
2 537742
1 538115 905806
2 541168
1 542965 555405
1 543552 934466
2 544388
1 544913 739773
2 545413
1 546262 702128
2 546275
1 546333 280566
1 547319 210183
2 547938
1 548911 962043
2 550538
1 551119 409807
1 554093 21706
2 555333
1 556295 276211
1 556678 1294
2 556880
1 557677 261271
1 557777 168258
2 558093
1 560300 552449
1 561234 310795
2 563574
1 563681 882378
1 563897 482773
2 564331
1 565736 480570
2 566069
2 566264
1 568862 510884
1 569463 868077
2 570028
2 570206
1 570583 96309
2 571719
2 571959
2 572205
2 572300
1 573115 314810
1 573771 621888
2 574855
1 575907 148294
1 577769 691741
2 578179
2 578312
2 580344
2 580533
1 581683 768267
1 583152 401423
2 583526
1 584755 167833
1 584786 204693
1 585404 296169
1 585678 924786
2 586227
1 586297 937386
2 586506
1 587244 148596
2 587499
2 588548
1 589178 124237
2 589907
2 590684
1 590786 610182
2 590832
2 591277
2 592546
1 593945 569847
1 594316 878144
2 595614
1 595718 150267
1 596214 965190
1 597221 961706
2 597438
2 598548
1 600723 786281
2 601678
2 602538
2 603264
2 603310
2 603719
2 605285
1 606083 819821
2 606545
2 607234
2 607612
2 609841
1 609902 131350
2 613451
1 613861 330658
2 615150
1 616267 415000
2 616510
1 616806 456343
1 618159 537165
2 618435
1 620221 502366
1 621191 285435
2 623495
1 624254 172260
2 624493
1 625407 509602
1 626525 602297
2 627741
1 628722 91197
2 628983
1 629294 697028
2 629566
1 629867 474050
1 630222 207632
1 631879 391972
2 634054
1 634604 564806
2 635048
1 638592 468414
1 640676 414896
2 642758
2 644872
2 644985
2 645098
2 646074
1 648593 97854
1 648763 225971
2 649122
1 649242 746242
2 650269
2 650607
1 651387 513394
1 652127 799542
1 652842 701442
2 654342
2 654883
1 656875 932611
2 656999
2 658816
2 660570
1 660652 322413
1 660769 455924
2 661040
2 661165
2 663019
2 663509
1 664920 611374
1 665062 567374
2 666474
2 667234
2 669401
1 670266 880881
1 670737 757838
1 671316 519032
1 672572 768880
2 673327
2 675149
1 675749 423302
1 676237 792512
1 677634 756723
1 678144 500520
2 679146
1 681832 376290
2 682480
2 682555
2 683163
1 683363 799609
2 685605
1 686510 446192
1 686958 751232
2 687385
2 687747
1 689342 902330
1 692958 809459
1 693698 312542
2 695180
1 696716 247950
1 697439 274852
2 697589
1 699653 398718
1 699975 275506
1 701230 873384
1 701767 757078
1 702129 11135
1 702149 853674
1 702814 41556
2 703117
2 706574
1 707524 304635
1 708184 784316
2 709434
1 710164 632437
2 710709
1 711610 227574
1 711654 110184
1 712436 188115
2 713553
2 713768
1 714226 218083
1 715982 298811
1 717143 423610
2 720277
1 720619 71008
2 721263
2 721278
2 721537
2 722277
2 722560
1 723280 406271
1 723726 974514
2 727254
2 728355
1 730930 885395
1 731094 161023
2 731099
1 733077 436186
2 736787
2 736860
1 738537 937946
2 739627
2 739694
1 739802 535582
2 741104
2 742973
1 744412 231691
1 744593 640346
1 744608 401962
2 744991
2 746837
2 746941
2 747619
2 748348
1 749346 787297
1 749456 483730
1 752384 187986
1 755624 730664
2 756259
2 757122
2 759034
1 760691 853583
2 766060
1 767581 861101
1 769225 415866
2 769324
1 771205 846481
1 771526 825796
2 771614
2 771795
2 773784
2 774449
1 774853 392394
1 775274 844729
1 775900 93129
1 777616 912366
1 777985 147670
2 778691
2 779394
1 780328 946411
1 780519 42730
1 782420 481256
2 783109
2 784085
1 784401 69676
1 786089 870347
1 786748 528038
2 787951
1 790232 21441
1 790621 828284
1 791706 755278
2 794831
2 795360
2 795721
2 796070
1 797020 379412
1 797775 431865
1 800870 280861
1 806189 849388
1 806974 474613
1 807420 488165
1 807931 302775
1 808638 625259
1 809371 667189
1 812891 126968
1 813178 799539
1 813810 337019
1 814160 426922
1 816689 753367
1 817889 861574
2 818074
1 819631 911209
1 819944 530279
2 820157
1 820763 900708
1 821329 853958
2 821788
1 822853 960711
1 824878 224711
1 825838 548567
1 825903 504045
1 826826 754269
1 827750 231119
2 829732
2 830442
1 831021 164639
2 831829
2 831947
2 835747
1 836654 954626
1 836786 939108
2 837490
2 839945
2 840086
1 840598 393402
1 840619 690437
1 842352 305762
1 842622 771643
1 843973 688586
1 844043 372500
2 844370
1 844569 203196
2 845521
2 845602
1 846448 298848
1 846697 238833
1 849157 907947
1 850958 82075
2 852580
2 859932
1 863403 218501
1 863530 723134
2 864089
1 864514 245260
2 864767
1 865832 344721
2 867276
1 869168 215195
2 869311
1 870148 199210
1 870163 280300
2 870389
1 871935 913401
1 874599 715358
1 875665 320927
1 876740 468232
2 876955
2 878519
2 879429
1 880937 479439
1 882815 221431
1 883353 466410
1 883691 726224
2 888487
2 888684
2 888971
1 890436 450455
2 890500
2 891309
2 891812
1 891839 798788
2 893211
1 894781 333984
1 895461 558737
2 895506
2 895840
1 897199 694376
1 897712 723102
2 898151
1 899074 824164
1 899116 746281
2 900527
2 900543
2 901227
2 901681
2 902242
1 903969 174168
2 906504
2 908712
2 911146
1 911706 807854
2 914878
2 915869
2 916135
2 916592
1 917253 410061
1 918965 693214
1 920427 31665
1 921098 689931
1 923018 595566
2 923673
2 923761
1 924554 637724
1 925519 557191
1 928061 950488
1 928671 81105
1 931307 475359
2 933258
2 935756
2 937801
2 938172
1 939991 290938
1 940133 761289
2 942475
2 942576
1 946480 483005
1 947149 895994
2 947734
1 948162 116174
2 948773
1 948796 457239
2 949127
2 950699
2 951097
1 951540 601318
1 952728 697822
2 952934
2 952975
1 953241 17515
1 955551 150307
2 958722
2 959656
1 961202 258668
2 961704
1 962058 480752
1 962261 184759
1 963486 241709
1 964059 992511
1 965877 312511
2 967425
2 967804
2 972801
2 973526
1 978205 974684
1 979216 723077
2 979875
1 979921 440643
1 983166 534485
2 984858
2 986863
1 986868 792705
2 987305
1 987762 663963
2 988516
2 989672
2 991756
2 993191
2 993304
1 993548 617071
2 994105
1 994424 603094
1 994448 725506
1 995045 765801
1 995177 740830
1 995600 958503
2 995627
1 996302 990081
